00000000000000000010001001000000
00100110001000011011111111110101
00000001111111100010001000000110
00100001111011011010010001000101
00110101111110010101100000101100
00000101111011101111010010001100
00000001111011010110100101100110
00000001111000101111010101111110
00000101111100000100010011101011
00000001111100010011001110000000
00000001111100110111101101100101
00100101111101001011100110011001
00100001111001110011110010110001
00010110001001100001001010110001
00100101111010000111101110101000
00000001111111100011011000100010
00100001111010110101010010110011
00000001111101111100001011001010
00000101111001000001111110011000
00000101111101100110100001111110
00000001111100101101101001010000
00110101111100000011111010101100
00100101111111110000000000110100
00000001111111100010000101101010
00110001111100001100000111100001
00110110000101011000010000100001
00100101110011011100101011111101
00000001111000110101101000011001
00000001110101001001100101010101
00000001110111100001011100001110
00000001110100000011011111010110
00110101111010001000100100000110
00100001111110110011001101011010
00010001111011010110001000100111
00100101111101011101000000111000
00000001111101100110010100000101
00010101111010001001000101110001
00010010000100111100001110100101
00000101110100011101010111101010
00000101111001011000010000101100
00000101110110000100001111101000
00100001110101110110000111001001
00110001110110010001110101011101
00110001111001111100000101100001
00000001111010110010111100010010
00000001111110111000001100010110
00000001111110001000001001101110
00100101111110001001110110001100
00000001111001010010100001000011
00000110000100010010001000000100
00000101110001000001110001110000
00000101111001001011110111111110
00000101110111001010101111011111
00000101111001000111110001011011
00000001110111010010000000100000
00000001111010001001111101001111
00000101111010001110110100010110
00000001111011001110001001111000
00000001111110110111011100111000
00000101111110111111001101110011
00000001111111000001000010011010
00000000000000000000000000000000
00000000000000000000000000000000
00000000000000000000000000000000
00000000000000000010001001000000
00100110001000011011111111110101
00000001111111100010001000000110
00100001111011011010010001000101
00110101111110010101100000101100
00000101111011101111010010001100
00000001111011010110100101100110
00000001111000101111010101111110
00000101111100000100010011101011
00000001111100010011001110000000
00000001111100110111101101100101
00100101111101001011100110011001
00100001111001110011110010110001
00010110001001100001001010110001
00100101111010000111101110101000
00000001111111100011011000100010
00100001111010110101010010110011
00000001111101111100001011001010
00000101111001000001111110011000
00000101111101100110100001111110
00000001111100101101101001010000
00110101111100000011111010101100
00100101111111110000000000110100
00000001111111100010000101101010
00110001111100001100000111100001
00110110000101011000010000100001
00100101110011011100101011111101
00000001111000110101101000011001
00000001110101001001100101010101
00000001110111100001011100001110
00000001110100000011011111010110
00110101111010001000100100000110
00100001111110110011001101011010
00010001111011010110001000100111
00100101111101011101000000111000
00000001111101100110010100000101
00010101111010001001000101110001
00010010000100111100001110100101
00000101110100011101010111101010
00000101111001011000010000101100
00000101110110000100001111101000
00100001110101110110000111001001
00110001110110010001110101011101
00110001111001111100000101100001
00000001111010110010111100010010
00000001111110111000001100010110
00000001111110001000001001101110
00100101111110001001110110001100
00000001111001010010100001000011
00000110000100010010001000000100
00000101110001000001110001110000
00000101111001001011110111111110
00000101110111001010101111011111
00000101111001000111110001011011
00000001110111010010000000100000
00000001111010001001111101001111
00000101111010001110110100010110
00000001111011001110001001111000
00000001111110110111011100111000
00000101111110111111001101110011
00000001111111000001000010011010
00000000000000000000000000000000
00000000000000000000000000000000
00000000000000000000000000000000
00000000000000000000111001101000
00000110001000101011001010110111
00000001111111010101111101110010
00100001111000000101110110001100
00110101111100011101001001111001
00000101111010101110011000001100
00000101111100110110111011010000
00000101110101101001110001000111
00000001111100110000110001101001
00000101111101001110011000111110
00000001111101011110011101001001
00000101111101000011110100111111
00100001111011000100001111100010
00010110001001001011000111001011
00100101110110001100101011000100
00000001111111100001011111101010
00100001110100110111100001011111
00000001111101100101010111101101
00000001110111011010000110110011
00000101111100111010000101011001
00000001111110001000000110111000
00010101111111000010000010000001
00000110000000000010100111010011
00100010000000011001000101110010
00110101111100001010110011011100
00110110000010011100010011000100
00100101110100000101011101010001
00000001111001110001000011001100
00000001110110110110101010100000
00000101110111100110001101000100
00000101110110010101010001110101
00010101111010001101100111100111
00100001111110111000001010101101
00010001111011001000111010110001
00100101111101011001001101011101
00000001111101011000000101000111
00010101111000110001000110011011
00010110000100111101010011010101
00000101110110110100010100011010
00000101111001111011000000001010
00000001110110001101001001010100
00000101111000001110011000111001
00010101110001011111001101010110
00000001111010101011010111010110
00110001111011100000011101000000
00110001111110101101110101000100
00110001111110000110010010011101
00000101111101111110111110110001
00000001110111010101000110010110
00000010000101011111110111000001
00000001110011001100000111001111
00000101111010010011100111011100
00000101110101110001000000100000
00000101110111001000110011010000
00000101110011001111010111101001
00000001111010100011001000110100
00000101111001101101010001011111
00000001111011100100110101011110
00000001111110100100111111000100
00000101111110101111100111010110
00000001111111000001000010111000
00000000000000000000000000000000
00000000000000000000000000000000
00000000000000000000000000000000
00000000000000000110100011110100
00110110001000001101110100000110
00000001111111010111100011110010
00110101111011010101010011101011
00110101111101010101100110001010
00000001111011101001110110010000
00000101111011000011110100001110
00000101111010001100111011011010
00000101111011110000001100111000
00000001111011111001011100001010
00000101111100100100100000011000
00000001111011011010111101101011
00010001111011011010011001101001
00010110001001001000011100110101
00100001111011100000111010000011
00000001111111110100010101101000
00100001111011001110001011111100
00000001111101000100011011111001
00000101111011010010001010010011
00000101111101110000001100011001
00000001111010001100000111100110
00010101110101101000111000001110
00010101111110000101110010011000
00000001111110000111100010010010
00110101110111101010000011010111
00110110000101001011110100100000
00100001110110111011110000010010
00000001111000100111000110011000
00000101111000001010000110111101
00000001110110110100101111110010
00000001110111010001010100010011
00010101111001111111011110000110
00100001111110111001000000010100
00110001111010101101000011100100
00010101111101101010100100010111
00000001111101100111001001111110
00010001110110000001000001000001
00010010000001101101011111110101
00000101110011011101001010000111
00000101110111110111111101001111
00000101110101111011011100100001
00100101111000100011011011100011
00100001110110010000101010110001
00100001111001110101001110101100
00110001111010011110001111001101
00010001111110111001000011100011
00000001111110010000110001101111
00010101111110001111100010001001
00000001110100100011011010111101
00000010000100100001110011001010
00000101110101111010101001011011
00000001111000001001010111010100
00000001110110011110100011100101
00000101111010000001000001010010
00000101110011011111010110000110
00000001111001001110011001000101
00000101111010100011011000110111
00000001111011000111100110011111
00000001111111000110001100110010
00000101111111001000110101010001
00000001111111000000110010100000
00000000000000000000000000000000
00000000000000000000000000000000
00000000000000000000000000000000
00000000000000000000001000110000
00100110000111011011110010111100
00000001111111011110011100101011
00100101111000100001011111110001
00110101111110001001001000101100
00000001111000111100000000011011
00000001111010011001010010000010
00000101110110001000110110001000
00000101111011001000101101001001
00000001111011011110110001101000
00000101111100010111111010000100
00100001111010000010001111001110
00100001111011100010001100000111
00010110001001110110010000100010
00100101111010001001000010001110
00000001111111100101010111011101
00100001111011001101111010110111
00000001111101100101000010110010
00000101111010000011110111010011
00000101111101010110000110001000
00000001111010110000011001001011
00110101111100100001001110011011
00000101111111100000010010100001
00100001111111101101011000111101
00110101111011000100001011110010
00110010000000101101101100010111
00100101101110110000001111010100
00000001111001011101001100000100
00000101110101100111010000100101
00000101110111100001111110011111
00000001110110010011111011101011
00110101111010000010100111001011
00100001111110111001111010011000
00010001111010001011011111000000
00100101111101011011010111101000
00000001111101011110111010010110
00010101111000110011100100101111
00010110000010110111001001000011
00000001101111011001011110010101
00000101111001011001101111001001
00000001110100011111111111000111
00100101110101111000101101100000
00100101110101101110001110001101
00100001111010000110001101011110
00000001111010010001010101011010
00110001111110111010111011000101
00000001111110001010110011111011
00000101111110001010100100011000
00000001110111100110011011111000
00000010000100010010100001111100
00000001110011110010000111001010
00000101111001100101011000100101
00000101110110000110001101001100
00000101110111011111010000011111
00000001110101110011111011111100
00000001111001111111000111010011
00000101111001001111000011000111
00000001111010100001001010010010
00000001111110111001000001010101
00000101111110111101101000001101
00000001111111000000010111010000
00000000000000000000000000000000
00000000000000000000000000000000
00000000000000000000000000000000
00000000000000000010000111101100
00110010000101110010110001001001
00000001111111010110100110100101
00100001111011110111000000101000
00110101111100101011101011110001
00000101111011001111000111010010
00000101111100100001101000110100
00000001110100101010101011011000
00000001111011111110100110000111
00000101111101000100101111111001
00000001111101111000001001001111
00100101111101001001011101000011
00100001110111110100000101110111
00010110000111101110111010000111
00100101111011001000011001001111
00000001111111010110110110001001
00100001111100000110110110111100
00000001111101110011110000010010
00000101111010001100100010110110
00000101111100000110000100000011
00000101111101000000100000111011
00110101111011111100001011011011
00100110000000011100001100100100
00000010000000101111100111010110
00110101111101010010000000001010
00110010000011111101011110101000
00100001110100001110110101110010
00000001111000011111001100110010
00000101110111010000110110010010
00000101110111011111000101000010
00000001110111111000111011100000
00110101111001010001100010100110
00000001111110110010001011110101
00000001111010101111001110111010
00100101111101100010011110100011
00000001111101111000001111110000
00010101111010110100111101011100
00010110000001011011010000110000
00000101110100001001101110100001
00000101111001010110100010101110
00000101110110001010100110001101
00100101110110000110010101000010
00100001110101010110101100010110
00110001111010000111110000101001
00110001111011100001100110100001
00110001111110110011011000011110
00110001111110000101011010010000
00010101111110000111010110100111
00000001111001110010011001101010
00000110000110001101010001110101
00000101110111001000111110010001
00000101111010000111100000100000
00000001110100100101000100111001
00000101110111000101000000010001
00000001110111011000011101110111
00000001111010010100101101101111
00000101111010011101111000110101
00000001111011010100101000101010
00000001111110100111000110010001
00000101111110110001000110000110
00000001111111000001111000010001
00000000000000000000000000000000
00000000000000000000000000000000
00000000000000000000000000000000
00000000000000000000101011101100
00110110000111111001011110001101
00010001111111010110000110010101
00110001111010100100110100011011
00110101111101011000010100000001
00000101111000100111111100000001
00000101111010110010000010101010
00000101111000100001101011001111
00000101111011101110111000010010
00000001111100101101001100011101
00000101111100100110010111111110
00100101111011000010101110011101
00000001111100001110110110110001
00110110000111111111111100010110
00100001110101001000111001101110
00000001111111101100010000001110
00100001111011100101011110110100
00000001111100111010010111110001
00000101111011010000010101111001
00000101111101001101011010001110
00000001111100100111000010101100
00110101111100111001011011001010
00100101111111011010011011001101
00110001111111100101011110101010
00110101111010111100110100011000
00110110000100001000100100101111
00100001110011010100010110101001
00000001111001001110100011101111
00000101110110100011111010111000
00000101110111001001101101110110
00000001110110111001000011100001
00110101111001111010111000111100
00100001111110111010001010001000
00000001111001010110100010000000
00110101111101011001101101011001
00000001111101100001101111100001
00010101111001001111010101001011
00010010000011011000110100010111
00000101110101010011110100100010
00000101111001011011110010100000
00000001110110001100101100110000
00100101110100010111001111010100
00000101110110000100100000111011
00110001111010000101101101000010
00010001111010101111000010110001
00000001111110111000111000100110
00110001111110000111001010111010
00000101111110000110111001110101
00000001111000000101010011011110
00000010000001001111011100111001
00000101110101001100101111101001
00000101111001101100011000101010
00000001110101000011010110000011
00000101111000011111001001100110
00000001110001001101110111010011
00000001111010010001110011110010
00000101110111111101000110101101
00000001111001101000000010111110
00000001111110110100011001011111
00000101111110110111000010001000
00000001111111000000001110010111
00000000000000000000000000000000
00000000000000000000000000000000
00000000000000000000000000000000
00000000000000001100010011110000
00010110000110110001001010011011
00000001111111010100001001011100
00100001111011001000111011111001
00110101111100000001001001001001
00000101111011000101110001000000
00000101111100110011000110100101
00000101111011000010101011001001
00000101111101101110110000101001
00000001111110010100101010010100
00000001111011101010011101100101
00000101111110011110011010010111
00100001111101001100000000101100
00010110001001101011001011111010
00100001111101011000001100001100
00000001111111001011000101001011
00100101111110001000011000100001
00000001111101111100110011110100
00000001111100101110100111100100
00000001111011011110010010100111
00000101111110011000000111001100
00010101111100001011001110001011
00000110000000011110111100000111
00100010000001011000110110011001
00110101111111100111001101101000
00110010000110111101110001111110
00100101111000001010111010011100
00000001111010000111011011101000
00000101111001010000001011000000
00000101110111001010110111011111
00000001111010100001110100011111
00110101111010100011111110110010
00110001111110011001100010101101
00110001111100000110110101000100
00010101111100100001100101100101
00000001111101001010001011000011
00010101111010111111100101010000
00010110000111001001110010011001
00000001111000000011101010100100
00000101111010111101101000111111
00000101111010001000101110101011
00100001111010001001101100011010
00010001111001011111010011000011
00010001111010010000001110110010
00110001111101000111101100101101
00000001111110001100000001111101
00010001111110001001110011111010
00000101111101110001001111100110
00000001111001110101000001110010
00000010000100010101010101010001
00000001111000110110111010100101
00000101111010000010111110101001
00000101111001010011001011010111
00000101110111100010011111000001
00000101110101010011000101001001
00000001111010010100100011010011
00000001111011100011001010011101
00000101111000011101100111011111
00000001111110101101001000110101
00000101111110110110100000001000
00000001111111000010000100000001
00000000000000000000000000000000
00000000000000000000000000000000
00000000000000000000000000000000
00000000000000000000000001101000
00100110000111011110011101111011
00000001111111011001000101101110
00100101110101111001010110111111
00110101111101100000011100110101
00000001110110001101100110111001
00000101111010110111001001000111
00000101110100101111100100000101
00000101111011011101011100011011
00000001111010100010111011101011
00000101111011000110110100110010
00100001110111001100100010001011
00100001111011010110110000111011
00010110001001010001010000011000
00100001110111111000111011010011
00000001111111010110010110010111
00100001111000011001010100110111
00000001111110000010111110011010
00000101111001000011001100001111
00000101111100100010111011001101
00000001111010010011000010110111
00110101111101000110100100011110
00100110000000010011110000101011
00000010000000100110001000111001
00110101111101001110111000011101
00110110000100000011000100101111
00100101110011101010101011101001
00000001111001010010000101110000
00000101110111100110011101001001
00000101110111001011001001010101
00000001111000011010101110110000
00110101111001111101001100101010
00000001111110101111010101011011
00000001111011011000010000100001
00100101111101010111010100001010
00000001111101100100111000101001
00010101111010010110111101011111
00010010000101100000010111100100
00000001110100011101001100101100
00000101111001110100110101001110
00000001110110000111011110101110
00110001110111110111100100001100
00110101110111110010110101101111
00110001111010000011001011111101
00100001111100001111100001010100
00000001111110101010111111010010
00000001111110000110100100101001
00000101111110000100100011001101
00000001111001010000010001111100
00000110000100000011100111101111
00000101110110001010011111100100
00000101111010001111111110011110
00000001110111101011111000101110
00000101110011011101100101101011
00000101110111010110111111101011
00000001111010011000001110111010
00000101110111000001010110100101
00000001111010011100010101100101
00000001111110100111001010100000
00000101111110101101001000110101
00000001111111000000110100000011
00000000000000000000000000000000
00000000000000000000000000000000
00000000000000000000000000000000
00000000000000000010100110111000
00110110000111011110101001010100
00010001111111010111110101100000
00110001111001001111111101110011
00110101111101100001000111101101
00000001111011010001111011001010
00000101111010101111101110100011
00000101111011001000010111000101
00000001111100001110100101101000
00000101111101010011000000111010
00000001111101011111111101110000
00100101111100011011010110100101
00000001111000011011100100000100
00110010000111101000100101101110
00100001111011011100011001101111
00000001111111101111000110000010
00100101111100000010111011001001
00000001111100100111111000110100
00000001111011001100011100100101
00000101111101010001011110100000
00000101111100011000011010110001
00110001111100101110101001101000
00100101111111100001100011010000
00110001111111100000010000001000
00110101111010100100000111000010
00110010000100011110010000011011
00100101110110010101101011100010
00000001111001000101111010111010
00000001110110111001101001101100
00000101110101010010001001010001
00000001110011111001100001001100
00110101111010000000101101000110
00100001111110110111000010000111
00000001111011000010110010110010
00110101111101100100000101011100
00000001111101100100110110100011
00010101111000101001100010111011
00010110000100110101010010011100
00000001110101010011001011111010
00000101111001010111000010100010
00000101110111001000010001101100
00000101110101111000100011000101
00100001110110011101110011110000
00110001111010000111010101011010
00110001111010011011011001010000
00010001111110111001101000011010
00010001111110001001001111001101
00100101111110001001000110110101
00000001111000000110101000000001
00000110000101000111011011011010
00000001110110010001010110100110
00000101111001111001110111010100
00000101110111011010010110000000
00000101110110111110011010001001
00000001110110110100001001001001
00000001111010001010110111111111
00000101111010011000101001101000
00000001111010100001101011100000
00000001111110111001101100110000
00000101111110111000010000101001
00000001111110111101011011100111
00000000000000000000000000000000
00000000000000000000000000000000
00000000000000000000000000000000
00000000000000000100110010010100
00100110001000001111010111111101
00000001111111011011001001111111
00100001111010000011000001110110
00110101111101011100101111011111
00000001111001001011000110010100
00000101111100000011001110011101
00000101110110010101001011000111
00000001111101001100110011100111
00000101111101001000000100110000
00000101111010110000011001110001
00100001111010111011001101101011
00100001111011011111011001110011
00010010001010000111111001110000
00100101111001010001111001010000
00000001111111100111100101001001
00100001111001100001111101101011
00000001111101000001001011101010
00000001111001010000011010110000
00000101111100111111000011110110
00000101111101000000010111001000
00110001111001010111000110110011
00000101111111110000111101001001
00100010000000000000110110011101
00110101111100000010011101010011
00110010000101001011001010100010
00100101110111000010111110010010
00000001111000110101011011011000
00000001111000000000010011000010
00000001111000011101110010100000
00000101110110011101110100010001
00110101111010010100011110011011
00100001111110111010010111111101
00010001111010110110101000110001
00100101111101100100101100010101
00000001111101011110001101110011
00010001110110010100011011110101
00010110000101110100000100110011
00000001110100011100110010010001
00000101111001011111110100011011
00000001110100001000101000010110
00100001110110101010001100001110
00010101110110101100000001010001
00010001111001111001001001001111
00000001111011001001110011110110
00110001111110110100111010010100
00110001111110010000011010110111
00110101111110001100110011000010
00000001110110000110111010101010
00000010000100011111101101000010
00000101110011011011000000111011
00000101111010000110000010001110
00000001110101011001011100011011
00000001110111101001011101000110
00000101110100000101010110001000
00000001111001110110000111101011
00000101111011010000101100101000
00000001111100001110101010000001
00000001111110101111111110001111
00000101111110111010111100110011
00000001111111000000010110001111
00000000000000000000000000000000
00000000000000000000000000000000
00000000000000000000000000000000
00000000000000000110011010111100
00110110000110101100010011001001
00000001111111010100100010000110
00110001111010101101000110000110
00110101111100111111110011001001
00000001111000111110110000111000
00000101111011101000000101110100
00000101111011101110100011011001
00000101111100100001000011011010
00000001111101110010011101000011
00000001111100001011001011011011
00000101111110101011000010111110
00010001111101011101011100011101
00010110001001001111001111111111
00100001111010110111111000011010
00000001111111110001001010010111
00100001111011111100101010010100
00000001111101001100000011101000
00000101111011010010011001111110
00000101111101101001100010011101
00000001111011011100001001100001
00010101111100110001110001100101
00110101111110010011000100110001
00010001111110100001010111101010
00110001111000011010010011000101
00110010000101111001000010011101
00100001110101101101100000000111
00000001111000110110110001000010
00000001110110000110100001010100
00000001111000100111000111110011
00000101110111001011100111000111
00010101111010011010001010111101
00100001111110101110111000011111
00110001111100100110110111001110
00010101111101101110110011010000
00000001111101010111010110110011
00010001110111001001111011111010
00010110000110000110000001101111
00000101110111001001000101000010
00000101111010000101001101110110
00000001110111111110101110100010
00010001111000000000000111110000
00000101110110111011100001011110
00100001111010001111010111001100
00100001111011011011001101011101
00000001111110110010101000000101
00000001111110000110110100000000
00010101111110000001010000011011
00000101110110011000000111101110
00000010000101010110110000000111
00000101110111111111100110011000
00000101111001110011010111000111
00000001111001011110001001100111
00000001111000001001010011010101
00000101111001000010111011110010
00000001111001010000011111101011
00000001110111001000010110101101
00000001111000110111110100010101
00000001111110111110100100101100
00000101111110111110010010000101
00000001111110111110111000110110
00000000000000000000000000000000
00000000000000000000000000000000
00000000000000000000000000000000
00000000000000001101110001110100
00100110001000010001111101101000
00000001111111011010100101100011
00100001111100011000010110100011
00110101111101001001110011011001
00000101111011001111000000101000
00000101111100000011010110011010
00000101111001111110011001111111
00000101111110110011010011100101
00000001111110010011100101110010
00000001111110111010010110111000
00100101111110000100111111000011
00100101111101001010111001001110
00010010001010001111010110001011
00100001111010100111101100100111
00000001111111101011010011001010
00100101111011000100011101101001
00000001111100010001101011100111
00000001111010100011001110111110
00000101111100101101011111000111
00000101111100001100011101000010
00110101111110100111111011100011
00100101111101010110100100100110
00000001111111110101010101000010
00110101111110010000100100111000
00110010000001001001100010100000
00100101110111010001111010110001
00000001111000000111010011111000
00000001111000100111011111111011
00000001111001011011101000010100
00000101111000000100001110001100
00110101111010101011010011001011
00100001111110111101010001010110
00010001111010000001010111111010
00100101111101011001100100010010
00000001111101010111000011111000
00010101110101001111101001001101
00010110000011000001100011000001
00000101111000010111001011101010
00000101111010001111000000101010
00000001111000110000001000110000
00000001111001010011100110011101
00000101110111000000100010001100
00010001111010001100001111111000
00100001111011001100010101110111
00110001111110111001100011100001
00110001111101100111010011111100
00000101111101111000011001100010
00000001111010100101001000111010
00000110000110010110111100111000
00000101110110011101010000100100
00000101111010110000110011101101
00000101110111101111001011010001
00000101111000001101100101011010
00000001111000100111111101111011
00000001111011010000001100001000
00000101111011010111100100101000
00000001111001100010100010111101
00000001111110011111000100000000
00000101111110010100100000001111
00000001111110111001101110010000
00000000000000000000000000000000
00000000000000000000000000000000
00000000000000000000000000000000
00000000000000000000000010101000
00000110000111110010011100000000
00010001111111011000011000101001
00110101111010010101110100110110
00110101111101101000011100111010
00000001111010000011010101001111
00000101111001111001101110011101
00000101111001001011010000011101
00000001111010000011111000100000
00000001111010000001000011010001
00000101111011110100110111110011
00100101111011001000110010010101
00000001111100001000111000100110
00110110000111111001010011000011
00100001111000100011000100001100
00000001111111101010011011101000
00100101111001101001000011100000
00000001111101001101111101011110
00000001111001001100001100000010
00000101111101010011101000000010
00000101111010010000101111000101
00110101111011001001110100001100
00100101111111100000110101011101
00110001111111101100001001110110
00110101111011011010110111100110
00110010000011111101111011110001
00100001110101100110100111101010
00000001111000111111101110001000
00000101110111010100011100011010
00000001110100110101110111100010
00000001110111001100000011000001
00110101111010000000101000111110
00100001111110111011010011110111
00000001111001100011110101110100
00110101111101100000101101011000
00000001111101100101110100101000
00010101111000111101001101000101
00010110000011110100001000001110
00000101110100110100000110001101
00000101111001010000100000011011
00000001110110000100010011010110
00000101110101111000001101010000
00110101110110001111000101000111
00010001111010000001100010011011
00000001111010111001001110010000
00010001111110110110101001101101
00000001111110001100001110000011
00000101111110001010011010000110
00000001110111101110111001001000
00000001111111101101100011101001
00000101110101000010110011101101
00000101111001100110110100110011
00000001110101111101111001010100
00000101110111100001001110010101
00000101110100100011100000111111
00000001111010000001000001000100
00000101111001001000101100001011
00000001111010010111001000111111
00000001111110110111111001101001
00000101111110111100010010101101
00000001111111000000011101100010
00000000000000000000000000000000
00000000000000000000000000000000
00000000000000000000000000000000
00000000000000000011000101001000
00010110000111000000110000100000
00000001111111011101101100001011
00100101111011010101100111110001
00110101111101111001101101010011
00000001111010000101100100110011
00000101111010100100001010110100
00000001111000011111111111101111
00000101111100011001000010010100
00000001111100101011100111110011
00000101111100101101110010101100
00000001111011110100111111101111
00100001111010101010001001010001
00010110001010100110101110111001
00100101111001110011001010001110
00000001111111100100110001001000
00100001111010111000001011011101
00000001111101101001100011011100
00000001110101001110000101111010
00000101111101001110101000110011
00000101111011001000110100001011
00010101111101001110010001000101
00000101111111111011101000000101
00100010000000001111111000000010
00110101111100110100100111000101
00110110000011000000001100000100
00100001110010100110011111011000
00000001111001011101111111000100
00000101110101011111010111010011
00000001110111011111011101000010
00000001110110011000101111000110
00110101111010011101000001010110
00010001111110111000110110111010
00010001111010100100011011011000
00100101111101011000001000001110
00000001111101011000001010111101
00010101111000000011010001111010
00010110000001000111011100110111
00000101110110010100010000011011
00000101111001111111100111110001
00000001110100011100111100000101
00100101110111001111001011111101
00110001110010000011000011101010
00100001111010100011011011010111
00100001111010111001011101100110
00110001111110110111001010110101
00100001111110000011001010110101
00100101111110000001101101110100
00000001111000000100110110010000
00000010000110011110111001011010
00000101110111001100001011010101
00000101111010010101101110110011
00000001110111101100111110101011
00000101110111000101100011110111
00000101110110100100101111100000
00000001111010100101011011000101
00000101111001000010000000111000
00000001111010111010011111010111
00000001111110101001111101100000
00000101111110110000101011100010
00000001111111000000110000001110
00000000000000000000000000000000
00000000000000000000000000000000
00000000000000000000000000000000
00000000000000000000111001000000
00000110000111011101100010101011
00000001111111011011100101001000
00100001111001101101100100001011
00110101111101110001101001010011
00000101111011000011110100011111
00000101111010010100011000000010
00000101110110110001111000111100
00000001111001101101010000011011
00000101111010101000011101010011
00000001111101000010001101111000
00000101111101010010100110001011
00100001111011100001000011101111
00010110001000000000011111111001
00100001110110010010010111000011
00000001111111011101001011100011
00100001110111110101100010110101
00000001111101110111110000110010
00000101110111000110000010001101
00000101111100111110010000011110
00000001111100001110000100111000
00010101111101000011000100100010
00000110000000001111110011000101
00100010000000010111100101100110
00110101111011011100001111100111
00110110000001000100101001000000
00100101110001110111011000001000
00000001111001100000101111001100
00000101110110010101001011011010
00000101111000001001111001000000
00000001110111001000110000011100
00010101111001111100100001001011
00100001111110110111001000011010
00010001111011000110010011000101
00100101111101100001000101000010
00000001111101011110111010110111
00010101111000000011100000011111
00010110000011000001000000011110
00000101110110101111100001111111
00000101111010000101000101110000
00000001110110110101101011111001
00100001110111100011010011011111
00000101110011100000000101110000
00100001111010010001100111011110
00100001111010101001011101110100
00110001111110110101001111111010
00110001111110000110011110011010
00000101111110000001101000010010
00000101110100001111011111101001
00000010000100111001110101000010
00000101110110010001100101000101
00000101111010010011000111011100
00000001110111010000001000100011
00000101110110100111101010111101
00000101110110011001110110001001
00000001111010100001000010010010
00000101111001100110011000011110
00000001111010110100111100101001
00000001111110101010011011101101
00000101111110101101100100010100
00000001111110111111011000000100
00000000000000000000000000000000
00000000000000000000000000000000
00000000000000000000000000000000
00000000000000000011000000000000
00110010001010001011110010010001
00110001111111001010100100101000
00010001110111101111111010001001
00110001111100101010001010010100
00000001110111000111111100011001
00000101111101000110011111101111
00000101111010001001011101011001
00000101111100100101001100000001
00000101111101000000111011011001
00000001111101111010000011101110
00000101111101000101001101111001
00010001111010110001111100110001
00010110001001001001110001101100
00100101111010111001100010100001
00000001111111110001011000110010
00100101111011000101110001111001
00000001111101000000111010110010
00000001111000011001000010001110
00000101111101100000011100010110
00000001111101010100000010101111
00010101111100110000000110111101
00010101111101100100000000110011
00000001111110000001100110111000
00110101111011010100101001010101
00110110000100001111001111101100
00100101110111101010100110111101
00000001111000110001010001100011
00000001110111010011011000101001
00000101110101010101100000111001
00000001110111001000010010111100
00010101111001101111111100001100
00100001111110101111011100111101
00110001111011010110010110000010
00010101111101100100100000000000
00000001111101101100110100101000
00010101111001101010111101010001
00010010000101010111010010110011
00000001110111101010001101101100
00000101111001011101110010111100
00000101110110000101100111011001
00000001110000011100011011000110
00000101111000010101000001101110
00000001111010000110101000101000
00110001111100110011100100100010
00100001111110100001010100111101
00100001111110001110110100100101
00100101111110000110000100101000
00000101110111010110110101011011
00000010000100100100100100111001
00000001110111111011001101000011
00000101111001011010011001000011
00000101110111111100110000101100
00000101111000010100101000000001
00000101110110111101011001101010
00000001111010000100100011110100
00000001111010010000010110010111
00000001111000010011111100000111
00000001111110110111110110101001
00000101111110111011011000111011
00000001111111000000010101110000
00000000000000000000000000000000
00000000000000000000000000000000
00000000000000000000000000000000
00000000000000000111110111111100
00000110000101110011110100001100
00010001111111011000000011100100
00110101111011010111110101011001
00110101111101100111111101111001
00000001111010111001000100001110
00000001111000011100001111110101
00000001111001000111101110000010
00000101111101011110010100110100
00000101111000001011001100010111
00000101111010001111000011100111
00000001111101001110110101101110
00010101111011001011011010011001
00010110001010110001101011111001
00100001111011111010001111011100
00000010000000000000010111100100
00100001111001000111011101000010
00000001111010000101100000011010
00000101111010011100111100110001
00000101111101101000001110011001
00000001111101000101100100010111
00010101111100010010000111000000
00010101111100110110010011011000
00000001110111011110100010111110
00110001111100010101011000110100
00110110000101001101010011110101
00100001110110111000000000110010
00000001111001001111011100000110
00000101110111101000111100001101
00000101110111000001111111110111
00000001110110010100001001001100
00010101111001111110111110111000
00100001111110110101000011001100
00110001111011010010010000010001
00010101111101100001010000001001
00000001111101100001110111101000
00010101111000100111011101101100
00010110000011110010101111111110
00000101110101000001010110001001
00000101111001000001110000000000
00000001110111011010011011100100
00100101111000000110001101000001
00010101110111010011010101011010
00110001111010001000100111011000
00100001111010111000111001111011
00100001111110111010100110101010
00110001111110000111110010011010
00010101111110001000100100101110
00000001110111001010001101011110
00000010000100111100011101100010
00000101110110111100101100110111
00000101111001110000110101001111
00000001111000000001010111100111
00000001111000101000011000101110
00000101110111001110111001011111
00000001111000110011000010010000
00000001111000111100001010001011
00000001110111101011111011010011
00000001111110111100011101100100
00000101111111000000111101101100
00000001111111000001100111110001
00000000000000000000000000000000
00000000000000000000000000000000
00000000000000000000000000000000
00000000000000000001101001110000
00000110000101011110011110011010
00000001111111011010110000001000
00100101111010101100011011101100
00110101111101101010010110000010
00000101110110010111100010101110
00000101111010110100000001011110
00000001111001000110101000110110
00000101111100110101111111100000
00000001111101001010111011011000
00000101111101000111011101010010
00100001111010010000000100111111
00100001111011111101011010011011
00010110001000100010100000111011
00100101111001011010100101011000
00000001111111100001100101010100
00100001111011000011111000100011
00000001111101101001101100011001
00000101111001111101110010000100
00000101111101000011011100101100
00000001111011110010100001010101
00010101111110000000101000001110
00000110000000000010110011011000
00100010000000010110101101101010
00110101111100110000100000011100
00110010000101000110111011110010
00100001110110100100100100001100
00000001111001100011111101010000
00000101111000000100100001001001
00000101110111010000011000000001
00000001110111111110000100101100
00010101111010001000101100010010
00100001111110110110000101110111
00010001111001011010010100101010
00100101111101001001011001101001
00000001111101011110111010110001
00010101111010100000100000110011
00010110000101010011110011001101
00000101110111011101010011001101
00000101111010000011011010110110
00000001111000101101111110010001
00000101110101000111101000011011
00000101111000010100110001110111
00000001111010011110110011101001
00000001111011011101000100111101
00100001111110101110001001000001
00100001111110001001110100000100
00010101111110000000000100100000
00000101111000011010011010011100
00000010000101101011010001100110
00000101110111100001000000010110
00000101111010010011110011011010
00000001111001000111011100010011
00000101110111011110111011111001
00000101111000101011001101111111
00000001111010100110010000011101
00000101111010110010001001101100
00000001111100000011011111111100
00000001111110100101010100110101
00000101111110101110111011110000
00000001111111000000001110111110
00000000000000000000000000000000
00000000000000000000000000000000
00000000000000000000000000000000
00000000000000000110011101101000
00110010001010100111110000100011
00110001111111011100101001010000
00010101111000000110010100010111
00110101111101011011101010110001
00000101111100000101011001101000
00000101111000111100000101011001
00000001111100001001011010110010
00000001111100000011001010110000
00000101111101010110101010000100
00000101111001100010010111100100
00000001111101110010101010001001
00010101111100010010010000011111
00010110001001001010110110011010
00100101111100000101010001010000
00000001111111110000101011010001
00100001111011000001111010111110
00000001111100010101101011010000
00000101111010111100011101010100
00000101111101000100000000001101
00000001111100010110000010011111
00110101111011111010001111111001
00000101111110010011100100100110
00000001111110110011111101000010
00110101111100011000101101110100
00110110000001101001111001111100
00100001110110100001111011101011
00000001111001011010001011111110
00000001110111001101111110111101
00000001110110100000100011000010
00000101111000010011001100110001
00010101111010010101010110101011
00100001111110111101110100110011
00110101111001000101011111100011
00010101111101000100111001110101
00000001111101010111100011000001
00010101111010010000101000011101
00010010000111000101110000101011
00000101110101110000100000010100
00000101111001100111101110101011
00000101110111101110100011100000
00010101111000001000000110111000
00000001111000001110100001101101
00000001111010011111111101110100
00000001111100001000100111100100
00010001111110100010000001100001
00000001111110001101110010001111
00010101111101111111011000110000
00000101111001000001000001101001
00000010000100111110110010111110
00000001110101011000101101110111
00000101111000010010000101100000
00000101111001001010110000011100
00000101111010010010010101110101
00000001111001001110000100110100
00000001111010101001011110011110
00000101111010010111101100111001
00000001111011001011111100000110
00000001111110101110101111110010
00000101111110111010010011101100
00000001111111000010110000000110
00000000000000000000000000000000
00000000000000000000000000000000
00000000000000000000000000000000
00000000000000001010111011010100
00110010000110110100101100010000
00000001111111010100011001100011
00110001111100011110010101101101
00110101111101000101110000000110
00000101111101011111100111001001
00000101111011000101011000100110
00000001111100010101001111100010
00000101111011000100000111111111
00000101111100000111000001000111
00000001111011111010000011001010
00000101111011011110100010010000
00010001111011011100001101111011
00010110001000111101000011100111
00100001111100000110111110100010
00000010000000000000001110101100
00100001111001001100110010000100
00000001111000110000001000011010
00000101111010101100110001111001
00000101111101100000110000000110
00000001111100011111101011100010
00110101111011101001010000111010
00000101111011011010101010100100
00000101111011000001110011000100
00110001111011101011011100110010
00110110000101001000101100000100
00100001110111010001010101101011
00000001111000011100001001100011
00000101110111010111011001100101
00000001111000111110111010010110
00000101110110101011010111000010
00010101111010011000000001010111
00100001111110111100011101000010
00110001111001111010001011101000
00010101111101011000110111110111
00000001111101011010111001010100
00010101111000010100101000110110
00010010000101001110101110111011
00000101110110111100000000011000
00000101110110110110111011101000
00000001110110100101011000100101
00000101111001011101011000101101
00100001110110110101111101110011
00100001111010001010100101000001
00100001111000000101011001001100
00010001111111000001010100011110
00100001111110000101110110110001
00110101111110001110101011010100
00000001111010000111011010001011
00000110000100010111000101110111
00000001110110100100111110100011
00000001110111010010111010010001
00000101111000010111001110010000
00000101111001101011111010101111
00000001110111110010011110111101
00000001111001001011111100001110
00000101110111000110001100110100
00000001111011010111000011011001
00000001111110111100001110011100
00000101111111000111111001000100
00000001111111000100110001110101
00000000000000000000000000000000
00000000000000000000000000000000
00000000000000000000000000000000
00000000000000000110011111101000
00000110001000001000101010100101
00000001111111010011100011100110
00100001111001011100101110111110
00110101111100000011111010100111
00000101111011011101101100100001
00000101111100110101111111011001
00000001111001010111111100110001
00000101111011000101000011110000
00000001111101001101001000011111
00000101111101010111000110000101
00000101111101000001000101000100
00100001111101011001111000000010
00010010001000010000100001000100
00100101111100000101011100101100
00000001111111001000110110000110
00100001111100011101111111110101
00000001111110000110010000111010
00000001111001001011011101000111
00000001111010110100111011011001
00000101111110011111010010001011
00010101111110110001001110100001
00000110000000100001001100101110
00100010000001010111010111010011
00110101111111000111100000010110
00110010000111010100100100010110
00100101111000110011001011010010
00000001111000111111000000101101
00000001110111110010101111110010
00000101110110101000000100110001
00000001111001100011110100110100
00010101111001101101010010000001
00000001111110010010000001101000
00000001111100010110110101110010
00100101111100100111110000101010
00000001111101101110111011001000
00010101111100010000000110011110
00010110000110011010011100000100
00000001111000010110001110101111
00000101111010000101011001100110
00000101111000001011000010110110
00010101110111100111011001001010
00110101111000011110001111000110
00000001111010101101111001001101
00010001111100101001100011110001
00010001111110101001011111010111
00000001111101111111000100000000
00010101111101111100011101111101
00000001111001100011011100000110
00000010000101100111110110100111
00000101111001000001010000110111
00000101111010101001100011111110
00000001111010001101110110010010
00000101111000111010101011000101
00000101111001100001100010101000
00000001111011001011100111001000
00000101111010110111001000011101
00000001111011000001100111011000
00000001111110100000011100101100
00000101111110011011101000110011
00000001111110111010010011111010
00000000000000000000000000000000
00000000000000000000000000000000
00000000000000000000000000000000
