1752, 1111, 2598, 3354
2464, 1202, 2111, 3455
2464, 1202, 2111, 3455
2421, 1202, 2111, 3455
2421, 1202, 2111, 3455
2421, 1202, 2111, 3455
1752, 1111, 2598, 3935
1753, 1111, 2598, 3935
2464, 1202, 2111, 4036
2421, 1202, 2111, 4037
2421, 1202, 2111, 4037
2421, 1202, 2111, 4037
2421, 1202, 2111, 4037
2421, 1202, 2691, 4037
2421, 1202, 2691, 4037
2421, 1202, 2691, 4037
5888, 1884, 3410, 5400
6186, 1887, 3406, 5393
5042, 1890, 3404, 5394
1752, 1111, 2598, 3265
1752, 1111, 2598, 3354
1752, 1111, 2598, 3846
1752, 1214, 2598, 3935
1752, 1111, 2598, 3935
2671, 1206, 3197, 4540
2421, 1202, 2111, 4037
2421, 1202, 2691, 4037
2421, 1202, 2111, 3455
5046, 1890, 3404, 5394
