000111001001110010011100100110111100
000011011110101011010001110100011110
000010110000111100000000000000000000
000011111111000100100011010011111111
000000000000000001000101100101001000
000000000000000000000000000000000000
000000000000000000000000000000000000
000000000000000000000000000000000000
000000000000000000000000000000000000
000010000000111111110001100111111010
000000000000000000000000000010101100
000000000111100000000000100001010000
000000000101010100000000010010000000
000000000011010111110000000001011000
000000000000000000000000001110100101
000000000000000000000000000001001100
000000000000000000000000001100001000
000000000000000000000000001100010000
000000000000000000000000010111000110
000010000000111111110000100001111011
000000000000000000000000000010011111
000000000000000000000000011101011010
000000000111111100000000001011110000
000000000111000101000000100001011000
000000000000000000000000001101011010
000000000000000000000000010111010010
000000000000000000000000001011111000
000000000000000000000000001011011010
000000000000000000000000010111101000
000010000000111111110000100001111011
000000000000000000000000000010011100
000000000000000000000000011101011010
000000000111111100000000001011110000
000000000111000101000000100001011000
000000000000000000000000001101011010
000000000000000000000000010111010010
000000000000000000000000001011111000
000000000000000000000000001011011010
000000000000000000000000010111101000
000010000000111111110000000000011010
000000000000000000000000000010010101
000000001000110100000000011100000000
000000000111111100000000001011110000
000000000111000001110000100001011011
000000000000000000000000001101011010
000000000000000000000000010111010010
000000000000000000000000001011111000
000000000000000000000000001011011010
000000000000000000000000010111101000
000010000000111111110000000000011010
000000000000000000000000000010010100
000000001000110100000000011100000000
000000000111111100000000001011110000
000000000111000101000000100001011000
000000000000000000000000001101011010
000000000000000000000000010111010010
000000000000000000000000001011111000
000000000000000000000000001011011000
000000000000000000000000010111101000
000010000000111111110000000000011010
000000000000000000000000000010010011
000000001000110100000000011100000000
000000000111111101010000001011101111
000000000111000101000000100001011000
000000000000000000000000001101011010
000000000000000000000000010111010010
000000000000000000000000001011111000
000000000000000000000000001011011010
000000000000000000000000010111101000
000010000000111111110000001110011010
000000000000000000000000000010000011
000000000111100000000000100001010000
000000000101010100110000010010000001
000000000011010111110000000001011000
000000000000000000000000001110100101
000000000000000000000000000001001100
000000000000000000000000001100001000
000000000000000000000000001100010000
000000000000000000000000000000100100
000010000000111111110000001110010000
000000000000000000000000000010000010
000000000111100000000000100001010000
000000000101010100000000010001111000
000000000011000001010000101000110101
000000000000000000000000001110100101
000000000000000000000000000001001100
000000000000000000000000001100001000
000000000000000000000000001100010000
000000000000000000000000000000100100
000010000000111111110011011100011101
000000000000000000000000000001011111
000000000000000000000000011101011010
000000000111111100000000001011110000
000000000111000101000000100001011000
000000000000000000000000001101011010
000000000000000000000000010111010010
000000000000000000000000001011111000
000000000000000000000000001011011010
000000000000000000000000000001000110
000010000000111111110000100010010000
000000000000000000000000000001011001
000000001000110100000000011100000000
000000000111111100000000001011110000
000000000111000010000000100001011010
000000000000000000000000001101011010
000000000000000000000000010111010010
000000000000000000000000001011111000
000000000000000000000000001011011010
000000000000000000000000000001000110
000010000000111111110000100010010000
000000000000000000000000000001011000
000000001000110100000000011100000000
000000000111111100000000001011110000
000000000111000101000000100001011000
000000000000000000000000001101011010
000000000000000000000000010111010010
000000000000000000000000001011111000
000000000000000000000000001011011010
000000000000000000000000000001000110
000010000000111111110000100010010000
000000000000000000000000000001010111
000000001000110100000000011100000000
000000000111111100000000001011110000
000000000111000101000000100001011000
000000000000000000000000001101011010
000000000000000000000000010111010010
000000000000000000000000001011111000
000000000000000000000000001011011000
000000000000000000000000000001000110
000010000000111111110000100010010000
000000000000000000000000000001010101
000000001000110100000000011100000000
000000000111111101010000001011110000
000000000111000101000000100001011000
000000000000000000000000001101011010
000000000000000000000000010111010010
000000000000000000000000001011111000
000000000000000000000000001011011010
000000000000000000000000000001000110
000010000000111111110000000010001100
000000000000000000000000000001010000
000000001000110100000000011100000000
000000000111111100000000001011110000
000000000111000001100000100001011101
000000000000000000000000001101011010
000000000000000000000000000000010100
000000000000000000000000001011111000
000000000000000000000000001011011010
000000000000000000000000000001000110
000010000000111111110000000010001100
000000000000000000000000000001001111
000000001000110100000000011100000000
000000000111111100000000001011110000
000000000111000101000000100001011000
000000000000000000000000001101011010
000000000000000000000000000000010100
000000000000000000000000001011111000
000000000000000000000000001011011010
000000000000000000000000000001000110
000010000000111111110000000010001100
000000000000000000000000000001001110
000000001000110100000000011100000000
000000000111111101100000001011101110
000000000111000101000000100001011000
000000000000000000000000001101011010
000000000000000000000000000000010100
000000000000000000000000001011111000
000000000000000000000000001011011010
000000000000000000000000000001000110
000010000000111111110000101001101110
000000000000000000000000000000111101
000000000001101000000000010010111000
000000000001011000000000010111010000
000000001010101110100000010111010110
000000000000000000000000010000101100
000000000000000000000000001011001100
000000000000000000000000000111011110
000000000000000000000000000110001010
000000000000000000000000000100110100
000010000000111111110000001010111011
000000000000000000000000000000111000
000000000101010000000000010110111000
000000000011010000000000011011110000
000000000001011010000000011100100111
000000000000000000000000010000101100
000000000000000000000000001011001100
000000000000000000000000000111011110
000000000000000000000000000111100100
000000000000000000000000000100110100
000010000000111111110000000000101010
000000000000000000000000000000101100
000000000111111000100000001101110010
000000000111011100000000010011011000
000000000111000101000000010101100000
000000000000000000000000010000101100
000000000000000000000000001011001100
000000000000000000000000000111011110
000000000000000000000000000111100100
000000000000000000000000000100110100
000010000000111111110011000100111100
000000000000000000000000000000011111
000000000111100000000000100001010000
000000000101010100000000010001111000
000000000011010111110000000001011000
000000000000000000000000001110100101
000000000000000000000000000001001100
000000000000000000000000001100001000
000000000000000000000000001100010000
000000000000000000000000010111000001
000010000000111111110001100111111010
000000000000000000000000000000011110
000000000111100000000000100001010000
000000000101010100000000010001111000
000000000011010111110000000001011000
000000000000000000000000001110100101
000000000000000000000000000001001100
000000000000000000000000001100001000
000000000000000000000000001100010000
000000000000000000000000010111000110
000010000000111111110000110001010010
000000000000000000000000000000011010
000000000111100000000000100001010000
000000000101010100000000010001111000
000000000011010111110000000001011000
000000000000000000000000001110100101
000000000000000000000000000001001100
000000000000000000000000001100001000
000000000000000000000000001100010000
000000000000000000000000000000011001
000010000000111111110000011010011100
000000000000000000000000000000011001
000000000111100000000000100001010000
000000000101010100000000010001111000
000000000011010111110000000001011000
000000000000000000000000001110011011
000000000000000000000000000001001100
000000000000000000000000001100001000
000000000000000000000000001100010000
000000000000000000000000000000100100
000010000000111111110000001110011010
000000000000000000000000000000011000
000000000111100000000000100001010000
000000000101010100000000010001111000
000000000011010111110000000001011000
000000000000000000000000001110100101
000000000000000000000000000001001100
000000000000000000000000001100001000
000000000000000000000000001100010000
000000000000000000000000000000100100
000010000000111111110001001100100101
000000000000000000000000000000010110
000000000010000111110000011010010000
000000001000111100000000001000010000
000000000101111110110000011110010000
000000000000000000000000001101011010
000000000000000000000000000000010100
000000000000000000000000001011111000
000000000000000000000000001101010100
000000000000000000000000000001000110
000010000000111111110000100010010000
000000000000000000000000000000010101
000000001000110100000000011100000000
000000000111111100000000001011110000
000000000111000101000000100001011000
000000000000000000000000001101011010
000000000000000000000000010111010010
000000000000000000000000001011111000
000000000000000000000000001011011010
000000000000000000000000000001000110
000010000000111111110000000010001100
000000000000000000000000000000010010
000000001000110100000000011100000000
000000000111111100000000001011110000
000000000111000101000000100001011000
000000000000000000000000001101011010
000000000000000000000000000000010100
000000000000000000000000001011111000
000000000000000000000000001011011010
000000000000000000000000000001000110
000010000000111111110000000000011010
000000000000000000000000000000010000
000000001000110100000000011100000000
000000000111111100000000001011110000
000000000111000101000000100001011000
000000000000000000000000001101011010
000000000000000000000000010111010010
000000000000000000000000001011111000
000000000000000000000000001011011010
000000000000000000000000010111101000
000010000000111111110000000000101010
000000000000000000000000000000000001
000000000111110100000000010000110000
000000000111011100000000010100000100
000000000111000101000000010101100000
000000000000000000000000010000101100
000000000000000000000000001011001100
000000000000000000000000000111011110
000000000000000000000000000111100100
000000000000000000000000000100110100
000011100000110110100000000000000000
000000000000000000000000000000000000
000000000000000000000000000000000000
000000000000000000000000000000000000
000000000000000000000000000010101000
000011100000111100000000000000000000
000011011110101011010001110100011110
000111001001110010011100100110111100
000111001001110010011100100110111100
000011011110101011010001110100011110
000010110000111100000000000000000000
000011111111000100100011010011111111
000000000000000001000101100101001000
000000000000000000000000000000000000
000000000000000000000000000000000000
000000000000000000000000000000000000
000000000000000000000000000000000000
000010000000111111110010101110110101
000000000000000000000000000000011110
000000000101111001000000001000010000
000000001000111100000000000001000000
000000000010100100000000011010100000
000000000000000000000000010000111000
000000000000000000000000010111010000
000000000000000000000000000110011000
000000000000000000000000000110010101
000000000000000000000000001100001001
000010000000111111110001111101111111
000000000000000000000000000000011100
000000000101111001000000001000010000
000000000000000000000000000000011001
000000000010100100000000011010100000
000000000000000000000000010000111000
000000000000000000000000010111011100
000000000000000000000000000110011000
000000000000000000000000000110010101
000000000000000000000000001100001001
000010000000111111110001101000111101
000000000000000000000000000000011000
000000000101111001000000001000010000
000000001000111100000000000001000000
000000000010100010000000011010010001
000000000000000000000000010000111000
000000000000000000000000010111011100
000000000000000000000000000110011000
000000000000000000000000000110010101
000000000000000000000000001100001001
000010000000111111110001100111011010
000000000000000000000000000000010111
000000000101111001000000001000010000
000000001000000000000000100111110000
000000000010100100000000011010100000
000000000000000000000000010000111000
000000000000000000000000010111010001
000000000000000000000000000110011000
000000000000000000000000000110010101
000000000000000000000000001100001001
000010000000111111110000110000000000
000000000000000000000000000000010101
000000000101111001000000001000010000
000000001000000000000000100111110000
000000000010100100000000011010100000
000000000000000000000000010000111000
000000000000000000000000010111011100
000000000000000000000000000110011000
000000000000000000000000000110010101
000000000000000000000000001100001001
000010000000111111110000110000000000
000000000000000000000000000000010100
000000000101111001000000001000010000
000000001000000000000000100111110000
000000000010011111010000011010001100
000000000000000000000000010000111000
000000000000000000000000010111011100
000000000000000000000000000110011000
000000000000000000000000000110010101
000000000000000000000000001100001001
000010000000111111110001101000111101
000000000000000000000000000000010000
000000000101111001000000001000010000
000000001000111100000000000001000000
000000000010100100000000011010100000
000000000000000000000000010000111000
000000000000000000000000010111011100
000000000000000000000000000110011000
000000000000000000000000000110010101
000000000000000000000000001100001001
000010000000111111110001101000111101
000000000000000000000000000000001111
000000000101111001000000001000010000
000000001000111100000000000001000000
000000000010100100000000011010100000
000000000000000000000000010000111000
000000000000000000000000010111011100
000000000000000000000000000110011000
000000000000000000000000000110010101
000000000000000000000000001100001010
000010000000111111110001100110101111
000000000000000000000000000000001101
000000000101111001000000001000010000
000000001000111100000000000001000000
000000000010100100000000011010100000
000000000000000000000000010000111000
000000000000000000000000000000000000
000000000000000000000000000110011000
000000000000000000000000000110010101
000000000000000000000000001100001001
000010000000111111110000110000000000
000000000000000000000000000000001001
000000000101111001000000001000010000
000000001000000000000000100111110000
000000000010100100000000011010100000
000000000000000000000000010000111000
000000000000000000000000010111011100
000000000000000000000000000110011000
000000000000000000000000000110010101
000000000000000000000000001100001001
000010000000111111110000110000000000
000000000000000000000000000000001000
000000000101111001000000001000010000
000000001000000000000000100111110000
000000000010100100000000011010100000
000000000000000000000000010000111000
000000000000000000000000010111011100
000000000000000000000000000110011000
000000000000000000000000000110010101
000000000000000000000000001100001011
000011100000110110100000000000000000
000000000000000000000000000000000000
000000000000000000000000000000000000
000000000000000000000000000000000000
000000000000000000000000000010000011
000011100000111100000000000000000000
000011011110101011010001110100011110
000111001001110010011100100110111100
000111001001110010011100100110111100
000111001001110010011100100110111100
000111001001110010011100100110111100
000111001001110010011100100110111100
000111001001110010011100100110111100
000111001001110010011100100110111100
000111001001110010011100100110111100
000111001001110010011100100110111100
000111001001110010011100100110111100
000111001001110010011100100110111100
000111001001110010011100100110111100
000111001001110010011100100110111100
000111001001110010011100100110111100
000111001001110010011100100110111100
000111001001110010011100100110111100
000111001001110010011100100110111100
000111001001110010011100100110111100
000111001001110010011100100110111100
000111001001110010011100100110111100
000111001001110010011100100110111100
000111001001110010011100100110111100
000111001001110010011100100110111100
000111001001110010011100100110111100
000111001001110010011100100110111100
000111001001110010011100100110111100
000111001001110010011100100110111100
000111001001110010011100100110111100
000111001001110010011100100110111100
000111001001110010011100100110111100
000111001001110010011100100110111100
000111001001110010011100100110111100
000111001001110010011100100110111100
000111001001110010011100100110111100
000111001001110010011100100110111100
000111001001110010011100100110111100
000111001001110010011100100110111100
000111001001110010011100100110111100
000111001001110010011100100110111100
000111001001110010011100100110111100
000111001001110010011100100110111100
000111001001110010011100100110111100
000111001001110010011100100110111100
000111001001110010011100100110111100
000111001001110010011100100110111100
000111001001110010011100100110111100
000111001001110010011100100110111100
000111001001110010011100100110111100
000111001001110010011100100110111100
000111001001110010011100100110111100
000111001001110010011100100110111100
000111001001110010011100100110111100
000111001001110010011100100110111100
000111001001110010011100100110111100
000111001001110010011100100110111100
000111001001110010011100100110111100
000111001001110010011100100110111100
000111001001110010011100100110111100
000111001001110010011100100110111100
000111001001110010011100100110111100
000111001001110010011100100110111100
000111001001110010011100100110111100
000111001001110010011100100110111100
000111001001110010011100100110111100
000111001001110010011100100110111100
000111001001110010011100100110111100
000111001001110010011100100110111100
000111001001110010011100100110111100
000111001001110010011100100110111100
000111001001110010011100100110111100
000111001001110010011100100110111100
000111001001110010011100100110111100
000111001001110010011100100110111100
000111001001110010011100100110111100
000111001001110010011100100110111100
000111001001110010011100100110111100
000111001001110010011100100110111100
000111001001110010011100100110111100
000111001001110010011100100110111100
000111001001110010011100100110111100
000111001001110010011100100110111100
000111001001110010011100100110111100
000111001001110010011100100110111100
000111001001110010011100100110111100
000111001001110010011100100110111100
000111001001110010011100100110111100
000111001001110010011100100110111100
000111001001110010011100100110111100
000111001001110010011100100110111100
000111001001110010011100100110111100
000111001001110010011100100110111100
000111001001110010011100100110111100
000111001001110010011100100110111100
000111001001110010011100100110111100
000111001001110010011100100110111100
000111001001110010011100100110111100
000111001001110010011100100110111100
000111001001110010011100100110111100
000111001001110010011100100110111100
000111001001110010011100100110111100
000111001001110010011100100110111100
000111001001110010011100100110111100
000111001001110010011100100110111100
000111001001110010011100100110111100
000111001001110010011100100110111100
000111001001110010011100100110111100
000111001001110010011100100110111100
000111001001110010011100100110111100
000111001001110010011100100110111100
000111001001110010011100100110111100
000111001001110010011100100110111100
000111001001110010011100100110111100
000111001001110010011100100110111100
000111001001110010011100100110111100
000111001001110010011100100110111100
000111001001110010011100100110111100
000111001001110010011100100110111100
000111001001110010011100100110111100
000111001001110010011100100110111100
000111001001110010011100100110111100
000111001001110010011100100110111100
000111001001110010011100100110111100
000111001001110010011100100110111100
000111001001110010011100100110111100
000111001001110010011100100110111100
000111001001110010011100100110111100
000111001001110010011100100110111100
000111001001110010011100100110111100
000111001001110010011100100110111100
000111001001110010011100100110111100
000111001001110010011100100110111100
000111001001110010011100100110111100
000111001001110010011100100110111100
000111001001110010011100100110111100
000111001001110010011100100110111100
000111001001110010011100100110111100
000111001001110010011100100110111100
000111001001110010011100100110111100
000111001001110010011100100110111100
000111001001110010011100100110111100
000111001001110010011100100110111100
000111001001110010011100100110111100
000111001001110010011100100110111100
000111001001110010011100100110111100
000111001001110010011100100110111100
000111001001110010011100100110111100
000111001001110010011100100110111100
000111001001110010011100100110111100
000111001001110010011100100110111100
000111001001110010011100100110111100
000111001001110010011100100110111100
000111001001110010011100100110111100
000111001001110010011100100110111100
000111001001110010011100100110111100
000111001001110010011100100110111100
000111001001110010011100100110111100
000111001001110010011100100110111100
000111001001110010011100100110111100
000111001001110010011100100110111100
000111001001110010011100100110111100
000111001001110010011100100110111100
000111001001110010011100100110111100
000111001001110010011100100110111100
000111001001110010011100100110111100
000111001001110010011100100110111100
000111001001110010011100100110111100
000111001001110010011100100110111100
000111001001110010011100100110111100
000111001001110010011100100110111100
000111001001110010011100100110111100
000111001001110010011100100110111100
000111001001110010011100100110111100
000111001001110010011100100110111100
000111001001110010011100100110111100
000111001001110010011100100110111100
000111001001110010011100100110111100
000111001001110010011100100110111100
000111001001110010011100100110111100
000111001001110010011100100110111100
000111001001110010011100100110111100
000111001001110010011100100110111100
000111001001110010011100100110111100
000111001001110010011100100110111100
000111001001110010011100100110111100
000111001001110010011100100110111100
000111001001110010011100100110111100
000111001001110010011100100110111100
000111001001110010011100100110111100
000111001001110010011100100110111100
000111001001110010011100100110111100
000111001001110010011100100110111100
000111001001110010011100100110111100
000111001001110010011100100110111100
000111001001110010011100100110111100
000111001001110010011100100110111100
000111001001110010011100100110111100
000111001001110010011100100110111100
000111001001110010011100100110111100
000111001001110010011100100110111100
000111001001110010011100100110111100
000111001001110010011100100110111100
000111001001110010011100100110111100
000111001001110010011100100110111100
000111001001110010011100100110111100
000111001001110010011100100110111100
000111001001110010011100100110111100
000111001001110010011100100110111100
000111001001110010011100100110111100
000111001001110010011100100110111100
000111001001110010011100100110111100
000111001001110010011100100110111100
000111001001110010011100100110111100
000111001001110010011100100110111100
000111001001110010011100100110111100
000111001001110010011100100110111100
000111001001110010011100100110111100
000111001001110010011100100110111100
000111001001110010011100100110111100
000111001001110010011100100110111100
000111001001110010011100100110111100
000111001001110010011100100110111100
000111001001110010011100100110111100
000111001001110010011100100110111100
000111001001110010011100100110111100
000111001001110010011100100110111100
000111001001110010011100100110111100
000111001001110010011100100110111100
000111001001110010011100100110111100
000111001001110010011100100110111100
000111001001110010011100100110111100
000111001001110010011100100110111100
000111001001110010011100100110111100
000111001001110010011100100110111100
000111001001110010011100100110111100
000111001001110010011100100110111100
000111001001110010011100100110111100
000111001001110010011100100110111100
000111001001110010011100100110111100
000111001001110010011100100110111100
000111001001110010011100100110111100
000111001001110010011100100110111100
000111001001110010011100100110111100
000111001001110010011100100110111100
000111001001110010011100100110111100
000111001001110010011100100110111100
000111001001110010011100100110111100
000111001001110010011100100110111100
000111001001110010011100100110111100
000111001001110010011100100110111100
000111001001110010011100100110111100
000111001001110010011100100110111100
000111001001110010011100100110111100
000111001001110010011100100110111100
000111001001110010011100100110111100
000111001001110010011100100110111100
000111001001110010011100100110111100
000111001001110010011100100110111100
000111001001110010011100100110111100
000111001001110010011100100110111100
000111001001110010011100100110111100
000111001001110010011100100110111100
000111001001110010011100100110111100
000111001001110010011100100110111100
000111001001110010011100100110111100
000111001001110010011100100110111100
000111001001110010011100100110111100
000111001001110010011100100110111100
000111001001110010011100100110111100
000111001001110010011100100110111100
000111001001110010011100100110111100
000111001001110010011100100110111100
000111001001110010011100100110111100
000111001001110010011100100110111100
000111001001110010011100100110111100
000111001001110010011100100110111100
000111001001110010011100100110111100
000111001001110010011100100110111100
000111001001110010011100100110111100
000111001001110010011100100110111100
000111001001110010011100100110111100
000111001001110010011100100110111100
000111001001110010011100100110111100
000111001001110010011100100110111100
000111001001110010011100100110111100
000111001001110010011100100110111100
000111001001110010011100100110111100
000111001001110010011100100110111100
000111001001110010011100100110111100
000111001001110010011100100110111100
000111001001110010011100100110111100
000111001001110010011100100110111100
000111001001110010011100100110111100
000111001001110010011100100110111100
000111001001110010011100100110111100
000111001001110010011100100110111100
000111001001110010011100100110111100
000111001001110010011100100110111100
000111001001110010011100100110111100
000111001001110010011100100110111100
000111001001110010011100100110111100
000111001001110010011100100110111100
000111001001110010011100100110111100
000111001001110010011100100110111100
000111001001110010011100100110111100
000111001001110010011100100110111100
000111001001110010011100100110111100
000111001001110010011100100110111100
000111001001110010011100100110111100
000111001001110010011100100110111100
000111001001110010011100100110111100
000111001001110010011100100110111100
000111001001110010011100100110111100
000111001001110010011100100110111100
000111001001110010011100100110111100
000111001001110010011100100110111100
000111001001110010011100100110111100
000111001001110010011100100110111100
000111001001110010011100100110111100
000111001001110010011100100110111100
000111001001110010011100100110111100
000111001001110010011100100110111100
000111001001110010011100100110111100
000111001001110010011100100110111100
000111001001110010011100100110111100
000111001001110010011100100110111100
000111001001110010011100100110111100
000111001001110010011100100110111100
000111001001110010011100100110111100
000111001001110010011100100110111100
000111001001110010011100100110111100
000111001001110010011100100110111100
000111001001110010011100100110111100
000111001001110010011100100110111100
000111001001110010011100100110111100
000111001001110010011100100110111100
000111001001110010011100100110111100
000111001001110010011100100110111100
000111001001110010011100100110111100
000111001001110010011100100110111100
000111001001110010011100100110111100
000111001001110010011100100110111100
000111001001110010011100100110111100
000111001001110010011100100110111100
000111001001110010011100100110111100
000111001001110010011100100110111100
000111001001110010011100100110111100
000111001001110010011100100110111100
000111001001110010011100100110111100
000111001001110010011100100110111100
000111001001110010011100100110111100
000111001001110010011100100110111100
000111001001110010011100100110111100
000111001001110010011100100110111100
000111001001110010011100100110111100
000111001001110010011100100110111100
000111001001110010011100100110111100
000111001001110010011100100110111100
000111001001110010011100100110111100
000111001001110010011100100110111100
000111001001110010011100100110111100
000111001001110010011100100110111100
000111001001110010011100100110111100
000111001001110010011100100110111100
000111001001110010011100100110111100
000111001001110010011100100110111100
000111001001110010011100100110111100
000111001001110010011100100110111100
000111001001110010011100100110111100
000111001001110010011100100110111100
000111001001110010011100100110111100
000111001001110010011100100110111100
000111001001110010011100100110111100
000111001001110010011100100110111100
000111001001110010011100100110111100
000111001001110010011100100110111100
000111001001110010011100100110111100
000111001001110010011100100110111100
000111001001110010011100100110111100
000111001001110010011100100110111100
000111001001110010011100100110111100
000111001001110010011100100110111100
000111001001110010011100100110111100
000111001001110010011100100110111100
000111001001110010011100100110111100
000111001001110010011100100110111100
000111001001110010011100100110111100
000111001001110010011100100110111100
000111001001110010011100100110111100
000111001001110010011100100110111100
000111001001110010011100100110111100
000111001001110010011100100110111100
000111001001110010011100100110111100
000111001001110010011100100110111100
000111001001110010011100100110111100
000111001001110010011100100110111100
000111001001110010011100100110111100
000111001001110010011100100110111100
000111001001110010011100100110111100
000111001001110010011100100110111100
000111001001110010011100100110111100
000111001001110010011100100110111100
000111001001110010011100100110111100
000111001001110010011100100110111100
000111001001110010011100100110111100
000111001001110010011100100110111100
000111001001110010011100100110111100
000111001001110010011100100110111100
000111001001110010011100100110111100
000111001001110010011100100110111100
000111001001110010011100100110111100
000111001001110010011100100110111100
000111001001110010011100100110111100
000111001001110010011100100110111100
000111001001110010011100100110111100
000111001001110010011100100110111100
000111001001110010011100100110111100
000111001001110010011100100110111100
000111001001110010011100100110111100
000111001001110010011100100110111100
000111001001110010011100100110111100
000111001001110010011100100110111100
000111001001110010011100100110111100
000111001001110010011100100110111100
000111001001110010011100100110111100
000111001001110010011100100110111100
000111001001110010011100100110111100
000111001001110010011100100110111100
000111001001110010011100100110111100
000111001001110010011100100110111100
000111001001110010011100100110111100
000111001001110010011100100110111100
000111001001110010011100100110111100
000111001001110010011100100110111100
000111001001110010011100100110111100
000111001001110010011100100110111100
000111001001110010011100100110111100
000111001001110010011100100110111100
000111001001110010011100100110111100
000111001001110010011100100110111100
000111001001110010011100100110111100
000111001001110010011100100110111100
000111001001110010011100100110111100
000111001001110010011100100110111100
000111001001110010011100100110111100
000111001001110010011100100110111100
000111001001110010011100100110111100
000111001001110010011100100110111100
000111001001110010011100100110111100
000111001001110010011100100110111100
000111001001110010011100100110111100
000111001001110010011100100110111100
000111001001110010011100100110111100
000111001001110010011100100110111100
000111001001110010011100100110111100
000111001001110010011100100110111100
000111001001110010011100100110111100
000111001001110010011100100110111100
000111001001110010011100100110111100
000111001001110010011100100110111100
000111001001110010011100100110111100
000111001001110010011100100110111100
000111001001110010011100100110111100
000111001001110010011100100110111100
000111001001110010011100100110111100
000111001001110010011100100110111100
000111001001110010011100100110111100
000111001001110010011100100110111100
000111001001110010011100100110111100
000111001001110010011100100110111100
000111001001110010011100100110111100
000111001001110010011100100110111100
000111001001110010011100100110111100
000111001001110010011100100110111100
000111001001110010011100100110111100
000111001001110010011100100110111100
000111001001110010011100100110111100
000111001001110010011100100110111100
000111001001110010011100100110111100
000111001001110010011100100110111100
000111001001110010011100100110111100
000111001001110010011100100110111100
000111001001110010011100100110111100
000111001001110010011100100110111100
000111001001110010011100100110111100
000111001001110010011100100110111100
000111001001110010011100100110111100
000111001001110010011100100110111100
000111001001110010011100100110111100
000111001001110010011100100110111100
000111001001110010011100100110111100
000111001001110010011100100110111100
000111001001110010011100100110111100
000111001001110010011100100110111100
000111001001110010011100100110111100
000111001001110010011100100110111100
000111001001110010011100100110111100
000111001001110010011100100110111100
000111001001110010011100100110111100
000111001001110010011100100110111100
000111001001110010011100100110111100
000111001001110010011100100110111100
000111001001110010011100100110111100
000111001001110010011100100110111100
000111001001110010011100100110111100
000111001001110010011100100110111100
000111001001110010011100100110111100
000111001001110010011100100110111100
000111001001110010011100100110111100
000111001001110010011100100110111100
000111001001110010011100100110111100
